60  6  97  61  54  75  37  82  23  93  60  53  23  56  83  44  58  86  24  1  71  35  25  9  18  28  70  86  91  63  30  13  49  50  16  78  18  18  16  54
15  29  45  82  4  75  69  2  86  10  39  57  72  44  3  51  63  50  27  22  81  30  9  53  23  36  89  6  78  60  32  67  63  54  25  72  85  11  46  19
12  32  50  23  44  53  63  61  96  32  67  59  95  2  91  39  3  52  69  37  44  94  73  80  51  80  74  86  100  89  99  33  36  45  2  60  35  82  7  55
25  75  81  10  87  51  60  24  68  32  90  30  65  31  55  33  14  26  63  54  51  61  71  69  10  85  14  92  28  6  2  33  45  50  73  89  43  39  57  2
12  77  63  11  61  44  27  50  6  53  65  39  10  62  2  3  5  91  91  12  9  58  37  43  5  74  60  5  21  48  17  90  85  34  45  35  84  92  24  71
69  64  70  1  91  93  61  56  82  47  39  74  32  29  34  81  37  67  69  3  83  22  8  17  89  88  3  26  25  32  51  49  96  32  77  32  68  5  75  30
85  42  52  36  25  100  40  27  65  24  36  25  57  94  55  29  10  34  49  72  14  4  34  22  2  72  63  92  27  10  36  47  46  40  98  48  50  74  35  42
29  81  82  81  13  19  13  88  24  38  39  93  45  75  67  75  57  77  50  37  50  46  97  9  49  12  87  100  6  16  88  36  88  83  98  10  22  14  30  36
61  41  78  42  19  70  2  77  43  42  9  59  62  3  69  2  66  67  45  11  60  77  66  34  23  14  92  83  87  15  19  99  100  90  9  69  39  36  49  10
37  4  13  47  86  65  28  57  88  61  75  29  85  2  29  81  34  98  49  74  21  85  51  52  76  41  61  27  47  14  54  44  99  43  56  87  84  41  43  58
24  49  58  73  89  59  70  31  9  65  63  54  36  9  26  19  42  60  32  65  17  31  85  89  41  10  5  100  22  26  81  68  74  99  17  93  48  3  36  58
20  58  45  91  48  98  8  72  6  80  40  97  30  8  40  47  63  66  40  39  65  46  98  37  54  52  56  68  46  19  39  85  26  87  76  21  76  85  18  66
95  48  9  4  34  57  13  28  16  10  86  54  53  42  82  60  68  24  91  46  98  10  56  79  41  40  22  44  10  62  43  71  23  14  77  67  49  77  92  62
9  15  78  63  58  20  18  81  3  34  15  7  25  77  18  98  63  79  58  28  8  76  28  43  56  2  94  97  31  28  91  60  66  64  64  49  92  40  81  28
72  79  99  96  51  4  25  9  77  5  37  5  99  99  80  80  79  81  52  5  3  28  88  14  99  46  37  59  34  54  76  78  71  62  92  55  36  2  33  28
23  60  89  72  14  64  3  67  100  91  21  37  94  78  22  100  8  89  100  75  1  69  70  21  48  60  89  61  12  75  95  23  24  28  92  59  23  23  93  36
11  43  55  64  5  81  94  10  76  64  1  76  13  17  91  66  7  25  26  22  42  80  26  42  62  65  66  27  96  19  11  39  92  94  45  98  33  55  31  16
9  48  100  6  26  55  95  69  67  80  23  47  63  69  35  17  31  2  77  41  43  21  8  5  6  71  32  43  85  12  89  74  97  92  2  45  100  31  67  3
42  57  41  74  83  13  25  96  52  11  35  91  38  57  100  80  6  11  67  39  36  21  20  56  53  21  90  33  30  80  18  54  22  98  19  77  10  13  28  39
61  37  64  39  30  5  64  94  64  90  78  58  61  10  5  83  72  34  93  14  49  99  56  60  92  80  41  90  88  20  72  59  81  100  94  7  2  76  71  89
40  91  73  4  41  26  15  89  8  72  82  28  25  39  50  39  51  26  40  87  69  83  10  82  26  59  71  21  44  64  21  63  42  6  37  45  60  14  54  59
95  46  73  83  30  77  31  93  57  30  86  35  68  38  61  86  90  15  87  4  42  94  7  87  69  68  33  17  6  1  87  62  58  13  30  15  40  12  55  5
80  60  2  34  42  76  33  93  90  43  40  8  25  9  52  88  7  13  69  21  66  80  37  12  73  1  94  33  98  1  43  74  17  93  49  51  83  17  67  81
30  60  44  56  57  46  72  8  58  56  98  55  70  94  24  75  72  45  80  3  54  28  9  50  48  44  37  88  83  35  30  68  33  85  22  2  2  64  48  66
47  50  19  53  44  16  97  65  35  54  20  63  58  28  64  96  73  39  53  72  41  59  18  96  9  83  79  29  95  48  51  70  49  23  72  77  89  38  99  12